201772
2018326
20201215
20021112
2012624
2008613
2013206
20001025
2017226
2000519
20161110
20131210
2010524
2012210
20091117
2009311
2004106
2004106
2002418
2002418
2020118
2020118
2004109
2004109
201957
201957
2006012025
2006012025
2015515
2015515
2009319
2009319
2005412
2005412
2010115
2010115
2009828
2009828
2003217
2003217
20151116
20151116
2020614
2020614
20011222
20011222
2007112
2007112
2013310
2009515
2010528
2010913
2007918
2014010023
2008828
2000212
2021126
2006823
2011727
2006519
2000708
2013629
2013819
20101220
2002723
2010217
20092010
2009113
2003818
2015111
20131225
2014111
2014111
2002325
2014226
20201112
20201112
2016911
2011513
2011513
2000612
2010124
2015427
20211025
20211025
20011020
20211220
20171012
20201230
2016626
2021110
2021525
2016723
202007029
2011523
2011210
2020120
2001913
20101211
200825
2009814
2011910
2006529
2017322
2016722
2019119
20101215
2020330
20041219
20071017
2006222
20171018
2005831
200015
20021018
20180901
202045
2013316
200748
20031210
2007116
2005424
2004713
20131028
2011102
200579
2008624
200361
200652
20121021
200598
2019411
2014411
2003310
2015925
2012129
2005109
2018510
2019814
201826
20150100230
2015103
2011311
2003130
20051020
2012928
2013325
20041120
20051015
2014211
2002127
201816
2019313
2008915
200819
2003520
2008110
2019817
20135014
2016113
2006622
20011125
201056
2013329
2011223
2011125
2012414
20151231
2007614
20201211
201421
2009124
2009919
20171114
20111126
2019215
2019826
20181114
2000831
2020831
2010418
2020617
2007523
201926
2002110
2004612
20151114
2009125
2013715
2016127
2002525
20197021
2020124
2010125
2006315
2006729
2021920
2003113
2019316
201809010
2012821
2010102
2011428
2011121
200851
2012330
200798
2003321
20151020
2000611
2019109
20201121
2021724
200902011
200952
2006127
2020321
2006914
2021331
2010910
2006415
20091222
201121
2003126
2014829
20021219
2019811
2020329
20101031
200453
20051226
2004921
2009326
20041216
2017212
2007102
20091028
2003719
2003126
2021103
2012201
20141030
2004223
2019115
2004523
2021119
201988
2017313
2018411
200701005
2014312
20201216
2016123
200043
20131113
200998
2004722
2000220
2016517
201683
201126
200098
2009226
2021526
201298
200717
2008422
2019424
2004723
2020324
2000719
201746
2004516
20051022
200707015
2012314
2003816
2019629
2012416
2016926
2020921
20091019
2001115
2005417
2016322
200219
2017114
2021113
2016127
20031116
20021012
20101025
2014131
2005712
2021115
2006314
2019530
200007019
2012521
2008109
20121231
2007731
2015929
2020715
2001826
20189024
2021117
2002918
2015226
2014120
20011228
2017826
2015112
2001910
200889
2008714
2012824
201829
201682
2013525
20211228
200610021
2020620
2005520
20211111
2006127
2013914
201691
2010217
20081230
2020522
2003220
2004131
20051023
2018811
2014915
201618
2021227
2008619
201829
20178020
20031023
2009129
2016422
2008223
2013825
20091110
2007427
2016010010
2001831
2000421
2020512
20151211
201173
20141121
20161215
2016425
202044
2019128
2020421
201134
200711
20081130
202113
2018416
2012227
201208025
2018614
2021314
20041015
2000722
20111126
2018714
20008025
2003217
2017430
20021226
2018515
2011610
2008114
2012526
2017727
20011219
2020711
20121124
2018830
20181014
20171221
2014114
20201021
2007521
20161227
2001331
2019217
2009831
20071031
20201122
20051125
2019904
2020824
2020213
2019323
2010131
2008420
201801108
2021818
20071118
2018630
20081112
2021116
2019512
2016117
2020118
201591
20011013
2000617
2018515
2020523
20171026
2008408
2011419
2010319
2015124
2019411
2010827
2020731
2007511
2017901
20091028
2005628
20061226
2011623
2003117
2017114
200609029
2009416
2004128
2004415
2004522
201619
20021126
2011227
20169028
2016225
2007531
2002102
2010825
2013822
2012213
2001325
2007916
2007614
2017419
2012010040
2012111
2005418
2000430
20011019
2012105
2008118
2002213
20061026
2000108
2013315
20081228
2008229
2021627
2000110
20041230
2000122
2004129
2002713
2008220
2002917
20111216
20051231
2020329
20041227
200305022
2013414
20051124
2016729
2014117
2011727
2010104
2017319
20131028
20211110
20051019
2020215
20001211
20110303
2021510
2000711
20061231
20121229
2003622
2010227
2013629
2015224
2010624
202153
201493
2010521
2011010013
2021511
20081216
2002113
2009720
2013913
202125
20091116
20151205
20181112
2009820
2015121
2016326
2004823
2000222
200355
20071010
200878
2012114
2019830
2009220
2000617
2014125
20201118
2015224
2009225
200012
2006422
20131231
2015217
2010320
200512031
200634
2008214
2000217
202174
2018124
20101117
2005222
20001219
20131111
2021516
2010218
2015718
20162012
2011422
2018622
2020315
20081213
2000923
20001025
2015121
201607019
2016123
2009126
2001718
20111014
2004629
20061228
2011225
2020823
2015128
202081
2021124
2006123
2009116
2015101
20161117
20021027
2010530
2017928
201405013
20021219
2000913
20061124
20001111
2010628
2006105
2016810
2016901
20091110
2004721
20211019
2001119
2013420
2018104
20031020
2001225
2015315
2009010015
2013225
20191012
2003313
2017127
2008425
2002520
2008527
2012202
20051026
2021918
2016219
2019116
20191121
20011214
201635
2011620
2006314
2011214
200015
2021724
20011029
2010928
20185018
200012
2020822
2016220
20161118
2010520
200092
20101216
2018710
2003040180
2010611
20061011
2011318
2008122
20051227
2003128
20131028
2021710
20091230
20101115
20101220
2021530
20111126
2010715
2014115
201304012
20171118
2008227
20021021
2019327
201981
20101112
20181230
200209028
20191017
2019213
20212024
20201210
20061129
20001215
2008108
201994
200997
2013121
2005721
200006028
2008219
2002215
200799
2010712
2010827
2000217
202174
20051227
2017923
2003320
2013425
20021029
2018716
201578
201247
2010112
20111028
20001216
2001913
200399
201172
2019828
200776
2010224
2000512
2001618
20171116
201944
2015728
2015112
2014829
2012229
20041219
20021025
2005128
20161226
2021730
2006116
2008712
20171120
2016810
2018511
2020910
202171
20001104
20001112
2012713
2017128
2005911
2004108
2015429
200404010
2002915
20151025
20061110
20011125
2013107
2003830
2001719
2015116
20091114
2012820
2003327
2016111
2008420
2007910
2001924
2021530
2010129
2020117
20180308
2006111
2017529
2009713
20171028
2013131
20111013
2021619
2002725
2001124
2006828
2012419
2010310
2016918
2019321
20031210
201662
2019924
2006128
20181124
201024
2020814
20001229
2013126
2018724
20216030
200575
2010222
2014113
2006530
2011711
2015414
200992
2016410
2009011024
20171022
2011325
2004714
2021628
20031231
2015524
2005530
2005216
2002929
20011120
200481
20021218
2008310
200511
2019723
2014227
2015720
20201016
201815
202011
20181114
2016128
2002423
2005719
2003428
2010011030
2004821
20211228
2000110
2017326
2010526
200322
2001810
2004123
2021216
2020429
2012728
2015325
2008714
2001314
20121021
2015128
2005113
2001909
2015128
200618
200918
2009918
200671
2013525
2021425
2006815
2002819
2018415
2016118
200325
2014515
2012106
200219
2001109
20031020
2013819
2018318
2010922
20011031
2004930
200492
2016829
2018619
2007522
2013126
2011827
2004126
20201110
2010101
200681
20205023
2006101
2021521
2014524
20181110
20201010
201859
2000826
201401209
2013115
20191118
2004921
2006716
201746
2021325
200310017
201978
20011115
20091230
2002315
2010417
2006118
2008430
2012123
20141213
20211028
2020728
2001525
2000129
2009617
2009228
2001623
20181122
2017327
2010629
200701022
2018527
2009519
2009522
20087024
20121230
2010131
20001121
2001011026
20081223
20041024
20181016
2019602
20101020
20011114
201801201
20011228
2016108
20161023
20050120280
